0.9276391550672599,0.07236084493274007 ,
 0.6462860983877139,0.35371390161228616 ,
 0.9886358011192155,0.011364198880784524 ,
 0.9750835013443903,0.024916498655609715 ,
 0.9369503075267903,0.06304969247320971 ,
 0.9355920581628377,0.06440794183716227 ,
 0.9839094154801227,0.016090584519877302 ,
 0.9276391550672599,0.07236084493274007 ,
 0.6462860983877139,0.35371390161228616 ,
 0.9886358011192155,0.011364198880784524 ,
 0.9750835013443903,0.024916498655609715 ,
 0.9369503075267903,0.06304969247320971 ,
 0.9355920581628377,0.06440794183716227 ,
 0.9839094154801227,0.016090584519877302 ,
 0.9841935489592379,0.015806451040762108 ,
 0.9790142823164739,0.020985717683526084 ,
 0.9616663338615216,0.03833366613847847 ,
 0.6926075550934194,0.3073924449065806 ,
 0.8288589832817167,0.17114101671828333 ,
 0.5139814395404017,0.4860185604595983,0.8678944248122503,0.13210557518774968 ,
 0.8978568241252435,0.10214317587475648 ,
 0.2879649698344908,0.7120350301655092 ,
 0.7891850978533337,0.21081490214666637 ,
 0.7547800555501247,0.2452199444498753 ,
 0.9985792552197649,0.0014207447802351038 ,
 0.8139626934876811,0.1860373065123189 ,
 0.11663908064508965,0.8833609193549103 ,
 0.8786269152128067,0.12137308478719333 ,
 0.39080765947859986,0.6091923405214001 ,
 0.9380964443271025,0.061903555672897535 ,
 0.7734474840020163,0.22655251599798368 ,
 0.7025886076524475,0.29741139234755254 ,
 0.9366967606784958,0.06330323932150421 ,
 0.8633301144214718,0.13666988557852824 ,
 0.9147117017613087,0.08528829823869132 ,
 0.9668700483748786,0.03312995162512142 ,
 0.5215525607819409,0.47844743921805905 ,
 0.0004622412610461035,0.9995377587389539 ,
 0.9977819589847121,0.0022180410152878916,0.8972529406008446,0.10274705939915545 ,
 0.9518593404577812,0.04814065954221876 ,
 0.8155340284176817,0.18446597158231828 ,
 0.5007799895534377,0.4992200104465623 ,
 0.8407757788423171,0.15922422115768292 ,
 0.5132893970884558,0.48671060291154417 ,
 0.21105650207174953,0.7889434979282505 ,
 0.9004693998279261,0.09953060017207396 ,
 0.937812184318337,0.062187815681662977 ,
 0.8906788810496549,0.10932111895034508 ,
 0.9969041514004026,0.003095848599597447 ,
 0.8710570611130717,0.12894293888692837 ,
 0.9651062023580119,0.034893797641988036 ,
 0.1487869250035606,0.8512130749964394 ,
 0.9426597399360184,0.05734026006398166 ,
 0.7015984682044114,0.29840153179558865 ,
 0.32577648971912854,0.6742235102808715 ,
 0.9959743421684673,0.004025657831532775 ,
 0.19881173147992937,0.8011882685200706 ,
 0.8460528148138825,0.15394718518611752,0.3044623344870717,0.6955376655129283 ,
 0.974900765294868,0.025099234705131982 ,
 0.4786051658435625,0.5213948341564375 ,
 0.04220244859653233,0.9577975514034677 ,
 0.9753045191623173,0.02469548083768272 ,
 0.8944168876579305,0.1055831123420695 ,
 0.9823589619144629,0.017641038085537113 ,
 0.5756191510461632,0.42438084895383676 ,
 0.6889306696003884,0.3110693303996116 ,
 0.7966690795641119,0.2033309204358881 ,
 0.9680038178653887,0.03199618213461126 ,
 0.732773414189134,0.267226585810866 ,
 0.9031062846999679,0.09689371530003209 ,
 0.9004749009563845,0.09952509904361546 ,
 0.9468277806819717,0.05317221931802829 ,
 0.9611503486658309,0.038849651334169094 ,
 0.2752011187099832,0.7247988812900168 ,
 0.9115202512138401,0.08847974878615991 ,
 0.7646225510589059,0.23537744894109414 ,
 0.2953391000162614,0.7046608999837386,